##FILE ch_a_max_b_random_01
0,229,256,1
0,230,256,1
0,231,256,1
0,455,512,2
0,456,512,1
0,905,1024,1
0,906,1024,1
0,907,1024,1
0,1805,2048,1
0,1806,2048,1
0,1807,2048,1
0,3605,4096,1
0,3606,4096,1
0,3607,4096,1
0,7203,8192,1
0,7206,8192,1
0,7207,8192,1
0,14403,16384,1
0,28803,32768,1
0,57605,65536,1
0,115209,131072,1
0,230415,262144,1
0,269586,393216,1
1,115,128,1
1,228,256,1
1,453,512,1
1,903,1024,1
1,1803,2048,1
1,3603,4096,1
1,7203,8192,1
1,14403,16384,1
1,28804,32768,1
1,57606,65536,1
1,115210,131072,1
2,134794,196608,1
2,154380,196608,1
##FILE ch_a_max_b_random_02
0,195,256,2
0,196,256,1
0,387,512,2
0,388,512,1
0,769,1024,1
0,770,1024,1
0,771,1024,1
0,1535,1536,2
0,1536,1536,1
0,3067,3072,2
0,3068,3072,1
0,6127,6144,1
0,6130,6144,1
0,6131,6144,1
0,12251,12288,1
0,24501,24576,1
0,48999,49152,1
0,97995,98304,1
0,195985,196608,1
0,304017,393216,1
1,98,128,1
1,194,256,1
1,385,512,1
1,768,768,1
1,1534,1536,1
1,3065,3072,1
1,6127,6144,1
1,12252,12288,1
1,24501,24576,1
1,48999,49152,1
1,97995,98304,1
2,152009,196608,1
2,206026,262144,1
##FILE ch_burnikel_ziegler_bound_00
0,129,192,212
0,130,192,2
0,131,192,56
0,132,192,26
0,133,192,28
0,134,192,206
0,135,192,258
0,136,192,28
0,137,192,28
0,138,192,28
0,139,192,80
0,140,192,28
0,141,192,28
0,142,192,28
0,143,192,80
0,144,192,28
0,145,192,28
0,146,192,28
0,147,192,80
0,148,192,28
0,149,192,21
0,150,192,21
0,151,192,41
0,152,192,12
0,153,192,12
0,154,192,12
0,155,192,32
0,156,192,12
0,157,192,10
0,158,192,12
0,159,192,36
0,160,192,15
0,161,192,14
0,162,192,14
0,163,192,38
0,164,192,14
0,165,192,14
0,166,192,14
0,167,192,38
0,168,192,14
0,169,192,14
0,170,192,14
0,171,192,38
0,172,192,14
0,173,192,15
0,174,192,14
0,175,192,38
0,176,192,13
0,177,192,12
0,178,192,11
0,179,192,31
0,180,192,12
0,181,192,12
0,182,192,12
0,183,192,32
0,184,192,12
0,185,192,12
0,186,192,12
0,187,192,32
0,188,192,12
0,189,192,12
0,190,192,12
0,191,192,32
0,192,192,11
0,193,256,12
0,194,256,12
0,195,256,31
0,196,256,12
0,197,256,12
0,198,256,11
0,199,256,32
0,200,256,12
0,201,256,11
0,202,256,12
0,203,256,32
0,204,256,11
0,205,256,12
0,206,256,12
0,207,256,30
0,208,256,12
0,209,256,11
0,210,256,12
0,211,256,38
0,212,256,15
0,213,256,13
0,214,256,14
0,215,256,38
0,216,256,13
0,217,256,14
0,218,256,13
0,219,256,36
0,220,256,13
0,221,256,13
0,222,256,12
0,223,256,37
0,224,256,13
0,225,256,12
0,226,256,13
0,227,256,37
0,228,256,12
0,229,256,13
0,230,256,13
0,231,256,37
0,232,256,13
0,233,256,14
0,234,256,13
0,235,256,38
0,236,256,15
0,237,256,14
0,238,256,14
0,239,256,39
0,240,256,14
0,241,256,14
0,242,256,15
0,243,256,38
0,244,256,14
0,245,256,15
0,246,256,14
0,247,256,38
0,248,256,15
0,249,256,14
0,250,256,14
0,251,256,39
0,252,256,14
0,253,256,14
0,254,256,15
0,255,256,38
0,256,256,14
0,257,384,14
0,258,384,13
0,259,384,40
0,260,384,14
0,261,384,13
0,262,384,12
0,263,384,32
0,264,384,11
0,265,384,12
0,266,384,12
0,267,384,31
0,268,384,12
0,269,384,11
0,270,384,10
0,271,384,31
0,272,384,11
0,273,384,10
0,274,384,11
0,275,384,31
0,276,384,10
0,277,384,11
0,278,384,11
0,279,384,30
0,280,384,11
0,281,384,11
0,282,384,10
0,283,384,31
0,284,384,11
0,285,384,10
0,286,384,11
0,287,384,31
0,288,384,10
0,289,384,11
0,290,384,11
0,291,384,27
0,292,384,11
0,293,384,7
0,294,384,10
0,295,384,16
0,296,384,4
0,297,384,2
0,298,384,3
0,299,384,7
0,300,384,2
0,301,384,3
0,302,384,3
0,303,384,6
0,304,384,3
0,305,384,3
0,306,384,2
0,307,384,7
0,308,384,4
0,309,384,4
0,310,384,3
0,311,384,10
0,312,384,3
0,313,384,5
0,314,384,5
0,315,384,12
0,316,384,5
0,317,384,6
0,318,384,5
0,319,384,13
0,320,384,6
0,321,384,5
0,322,384,6
0,323,384,15
0,324,384,6
0,325,384,6
0,326,384,6
0,327,384,14
0,328,384,6
0,329,384,7
0,330,384,6
0,331,384,13
0,332,384,7
0,333,384,6
0,334,384,6
0,335,384,15
0,336,384,5
0,337,384,6
0,338,384,7
0,339,384,14
0,340,384,6
0,341,384,6
0,342,384,6
0,343,384,13
0,344,384,7
0,345,384,4
0,346,384,5
0,347,384,12
0,348,384,5
0,349,384,4
0,350,384,5
0,351,384,7
0,352,384,4
0,353,384,5
0,354,384,4
0,355,384,8
0,356,384,4
0,357,384,4
0,358,384,4
0,359,384,9
0,360,384,4
0,361,384,3
0,362,384,5
0,363,384,8
0,364,384,4
0,365,384,5
0,366,384,3
0,367,384,8
0,368,384,5
0,369,384,4
0,370,384,4
0,371,384,8
0,372,384,4
0,373,384,4
0,374,384,5
0,375,384,8
0,376,384,3
0,377,384,5
0,378,384,4
0,379,384,8
0,380,384,5
0,381,384,3
0,382,384,4
0,383,384,9
0,384,384,4
0,385,512,3
0,386,512,3
0,387,512,6
0,388,512,3
0,389,512,3
0,390,512,2
0,391,512,7
0,392,512,3
0,393,512,2
0,394,512,3
0,395,512,7
0,396,512,2
0,397,512,3
0,398,512,3
0,399,512,6
0,400,512,3
0,401,512,3
0,402,512,2
0,403,512,7
0,404,512,3
0,405,512,2
0,406,512,3
0,407,512,7
0,408,512,2
0,409,512,3
0,410,512,3
0,411,512,7
0,412,512,3
0,413,512,5
0,414,512,2
0,415,512,10
0,416,512,4
0,417,512,4
0,418,512,5
0,419,512,13
0,420,512,4
0,421,512,5
0,422,512,5
0,423,512,12
0,424,512,5
0,425,512,5
0,426,512,4
0,427,512,13
0,428,512,6
0,429,512,5
0,430,512,6
0,431,512,13
0,432,512,5
0,433,512,6
0,434,512,6
0,435,512,13
0,436,512,5
0,437,512,6
0,438,512,5
0,439,512,14
0,440,512,6
0,441,512,4
0,442,512,6
0,443,512,14
0,444,512,5
0,445,512,6
0,446,512,5
0,447,512,13
0,448,512,6
0,449,512,6
0,450,512,5
0,451,512,13
0,452,512,6
0,453,512,5
0,454,512,6
0,455,512,14
0,456,512,4
0,457,512,6
0,458,512,6
0,459,512,13
0,460,512,6
0,461,512,5
0,462,512,6
0,463,512,14
0,464,512,7
0,465,512,6
0,466,512,5
0,467,512,15
0,468,512,6
0,469,512,6
0,470,512,7
0,471,512,13
0,472,512,6
0,473,512,7
0,474,512,6
0,475,512,14
0,476,512,6
0,477,512,6
0,478,512,6
0,479,512,15
0,480,512,6
0,481,512,5
0,482,512,7
0,483,512,14
0,484,512,6
0,485,512,7
0,486,512,5
0,487,512,14
0,488,512,7
0,489,512,6
0,490,512,6
0,491,512,14
0,492,512,6
0,493,512,6
0,494,512,7
0,495,512,14
0,496,512,5
0,497,512,7
0,498,512,6
0,499,512,14
0,500,512,7
0,501,512,5
0,502,512,6
0,503,512,15
0,504,512,6
0,505,512,6
0,506,512,6
0,507,512,14
0,508,512,6
0,509,512,7
0,510,512,6
0,511,512,13
0,512,512,7
0,513,768,4
0,514,768,5
0,515,768,11
0,516,768,4
0,517,768,3
0,518,768,5
0,519,768,8
0,520,768,3
0,521,768,3
0,522,768,2
0,523,768,7
0,524,768,3
0,525,768,2
0,526,768,3
0,527,768,7
0,528,768,2
0,529,768,3
0,530,768,3
0,531,768,6
0,532,768,3
0,533,768,3
0,534,768,2
0,535,768,7
0,536,768,3
0,537,768,2
0,538,768,3
0,539,768,7
0,540,768,2
0,541,768,3
0,542,768,3
0,543,768,6
0,544,768,3
0,545,768,3
0,546,768,2
0,547,768,7
0,548,768,3
0,549,768,2
0,550,768,3
0,551,768,7
0,552,768,2
0,553,768,3
0,554,768,3
0,555,768,6
0,556,768,3
0,557,768,3
0,558,768,2
0,559,768,7
0,560,768,3
0,561,768,2
0,562,768,3
0,563,768,7
0,564,768,2
0,565,768,3
0,566,768,3
0,567,768,6
0,568,768,3
0,569,768,3
0,570,768,2
0,571,768,7
0,572,768,3
0,573,768,2
0,574,768,3
0,575,768,7
0,576,768,2
0,577,768,3
0,578,768,3
0,579,768,6
0,580,768,3
0,581,768,1
0,582,768,2
0,583,768,5
0,584,768,3
0,586,768,1
0,587,768,1
0,589,768,1
0,590,768,1
0,592,768,1
0,593,768,1
0,595,768,1
0,596,768,1
0,598,768,1
0,599,768,1
0,601,768,1
0,602,768,1
0,604,768,1
0,605,768,1
0,607,768,1
0,608,768,1
0,610,768,1
0,611,768,1
0,613,768,1
0,614,768,1
0,615,768,1
0,616,768,1
0,617,768,2
0,618,768,1
0,619,768,1
0,620,768,2
0,621,768,1
0,622,768,1
0,623,768,2
0,624,768,1
0,625,768,1
0,626,768,2
0,627,768,1
0,628,768,1
0,629,768,2
0,630,768,1
0,631,768,1
0,632,768,2
0,633,768,1
0,634,768,1
0,635,768,2
0,636,768,1
0,637,768,1
0,638,768,2
0,639,768,1
0,640,768,1
0,641,768,2
0,642,768,2
0,643,768,2
0,644,768,3
0,645,768,2
0,646,768,1
0,647,768,3
0,648,768,2
0,649,768,2
0,650,768,3
0,651,768,1
0,652,768,2
0,653,768,3
0,654,768,2
0,655,768,2
0,656,768,2
0,657,768,2
0,658,768,2
0,659,768,3
0,660,768,2
0,661,768,1
0,662,768,3
0,663,768,2
0,664,768,2
0,665,768,3
0,666,768,1
0,667,768,2
0,668,768,3
0,669,768,2
0,670,768,2
0,671,768,2
0,672,768,2
0,673,768,2
0,674,768,3
0,675,768,2
0,676,768,1
0,677,768,3
0,678,768,2
0,679,768,2
0,680,768,3
0,681,768,1
0,682,768,2
0,683,768,3
0,684,768,2
0,685,768,2
0,686,768,2
0,687,768,2
0,688,768,2
0,689,768,3
0,690,768,2
0,691,768,1
0,692,768,3
0,693,768,2
0,694,768,2
0,695,768,3
0,696,768,1
0,697,768,2
0,698,768,3
0,699,768,2
0,700,768,2
0,701,768,2
0,702,768,2
0,703,768,2
0,704,768,3
0,705,768,2
0,706,768,1
0,707,768,3
0,708,768,2
0,709,768,2
0,710,768,3
0,711,768,1
0,712,768,2
0,713,768,3
0,714,768,2
0,715,768,2
0,716,768,2
0,717,768,2
0,718,768,2
0,719,768,3
0,720,768,2
0,721,768,1
0,722,768,3
0,723,768,1
0,724,768,1
0,725,768,2
0,726,768,1
0,727,768,1
0,728,768,2
0,729,768,1
0,730,768,1
0,731,768,2
0,732,768,1
0,733,768,1
0,734,768,2
0,735,768,1
0,736,768,1
0,737,768,2
0,738,768,1
0,739,768,1
0,740,768,2
0,741,768,1
0,742,768,1
0,743,768,2
0,744,768,1
0,745,768,1
0,746,768,2
0,747,768,1
0,748,768,1
0,749,768,2
0,750,768,1
0,751,768,1
0,752,768,2
0,753,768,1
0,754,768,1
0,755,768,2
0,756,768,1
0,757,768,1
0,758,768,2
0,759,768,1
0,760,768,1
0,761,768,2
0,762,768,1
0,763,768,1
0,764,768,2
0,765,768,1
0,766,768,1
0,767,768,2
0,768,768,1
0,769,1024,1
0,770,1024,1
0,772,1024,1
0,773,1024,1
0,775,1024,1
0,776,1024,1
0,778,1024,1
0,779,1024,1
0,781,1024,1
0,782,1024,1
0,784,1024,1
0,785,1024,1
0,787,1024,1
0,788,1024,1
0,790,1024,1
0,791,1024,1
0,793,1024,1
0,794,1024,1
0,796,1024,1
0,797,1024,1
0,799,1024,1
0,800,1024,1
0,802,1024,1
0,803,1024,1
0,805,1024,1
0,806,1024,1
0,808,1024,1
0,809,1024,1
0,811,1024,1
0,812,1024,1
0,814,1024,1
0,815,1024,1
0,817,1024,1
0,818,1024,1
0,820,1024,1
0,821,1024,1
0,823,1024,1
0,824,1024,1
0,826,1024,1
0,827,1024,1
0,829,1024,1
0,830,1024,1
0,832,1024,1
0,833,1024,1
0,835,1024,1
0,836,1024,1
0,838,1024,1
0,839,1024,1
0,841,1024,1
0,842,1024,1
0,844,1024,1
0,845,1024,1
0,847,1024,1
0,848,1024,1
0,850,1024,1
0,851,1024,1
0,853,1024,1
0,854,1024,1
0,856,1024,1
0,857,1024,1
0,859,1024,1
0,860,1024,1
0,862,1024,1
0,863,1024,1
0,865,1024,1
0,866,1024,1
1,66,128,24
1,67,128,204
1,68,128,26
1,69,128,26
1,70,128,26
1,71,128,26
1,72,128,26
1,73,128,26
1,74,128,26
1,75,128,19
1,76,128,10
1,77,128,10
1,78,128,10
1,79,128,10
1,80,128,13
1,81,128,12
1,82,128,12
1,83,128,12
1,84,128,12
1,85,128,12
1,86,128,12
1,87,128,12
1,88,128,11
1,89,128,9
1,90,128,10
1,91,128,10
1,92,128,10
1,93,128,10
1,94,128,10
1,95,128,10
1,96,128,10
1,97,128,10
1,98,128,10
1,99,128,10
1,100,128,10
1,101,128,10
1,102,128,10
1,103,128,10
1,104,128,10
1,105,128,11
1,106,128,13
1,107,128,12
1,108,128,12
1,109,128,12
1,110,128,12
1,111,128,12
1,112,128,12
1,113,128,12
1,114,128,12
1,115,128,12
1,116,128,12
1,117,128,12
1,118,128,12
1,119,128,12
1,120,128,12
1,121,128,12
1,122,128,12
1,123,128,12
1,124,128,12
1,125,128,12
1,126,128,12
1,127,128,12
1,128,128,12
1,129,192,12
1,130,192,12
1,131,192,10
1,132,192,10
1,133,192,10
1,134,192,10
1,135,192,10
1,136,192,10
1,137,192,10
1,138,192,10
1,139,192,10
1,140,192,10
1,141,192,10
1,142,192,10
1,143,192,10
1,144,192,10
1,145,192,10
1,146,192,10
1,147,192,10
1,148,192,3
1,149,192,2
1,150,192,2
1,151,192,2
1,152,192,2
1,153,192,2
1,154,192,2
1,155,192,2
1,156,192,2
1,157,192,3
1,158,192,4
1,159,192,4
1,160,192,4
1,161,192,4
1,162,192,4
1,163,192,4
1,164,192,4
1,165,192,4
1,166,192,4
1,167,192,4
1,168,192,4
1,169,192,4
1,170,192,4
1,171,192,4
1,172,192,4
1,173,192,4
1,174,192,3
1,175,192,2
1,176,192,2
1,177,192,2
1,178,192,2
1,179,192,2
1,180,192,2
1,181,192,2
1,182,192,2
1,183,192,2
1,184,192,2
1,185,192,2
1,186,192,2
1,187,192,2
1,188,192,2
1,189,192,2
1,190,192,2
1,191,192,2
1,192,192,2
1,193,256,2
1,194,256,2
1,195,256,2
1,196,256,2
1,197,256,2
1,198,256,2
1,199,256,2
1,200,256,2
1,201,256,2
1,202,256,2
1,203,256,2
1,204,256,2
1,205,256,2
1,206,256,2
1,207,256,2
1,208,256,3
1,209,256,4
1,210,256,4
1,211,256,4
1,212,256,4
1,213,256,4
1,214,256,4
1,215,256,4
1,216,256,4
1,217,256,4
1,218,256,4
1,219,256,4
1,220,256,4
1,221,256,4
1,222,256,4
1,223,256,4
1,224,256,4
1,225,256,4
1,226,256,4
1,227,256,4
1,228,256,4
1,229,256,4
1,230,256,4
1,231,256,4
1,232,256,4
1,233,256,4
1,234,256,4
1,235,256,4
1,236,256,4
1,237,256,4
1,238,256,4
1,239,256,4
1,240,256,4
1,241,256,4
1,242,256,4
1,243,256,4
1,244,256,4
1,245,256,4
1,246,256,4
1,247,256,4
1,248,256,4
1,249,256,4
1,250,256,4
1,251,256,4
1,252,256,4
1,253,256,4
1,254,256,4
1,255,256,4
1,256,256,4
1,257,384,4
1,258,384,4
1,259,384,4
1,260,384,2
1,261,384,2
1,262,384,2
1,263,384,2
1,264,384,2
1,265,384,2
1,266,384,2
1,267,384,2
1,268,384,2
1,269,384,2
1,270,384,2
1,271,384,2
1,272,384,2
1,273,384,2
1,274,384,2
1,275,384,2
1,276,384,2
1,277,384,2
1,278,384,2
1,279,384,2
1,280,384,2
1,281,384,2
1,282,384,2
1,283,384,2
1,284,384,2
1,285,384,2
1,286,384,2
1,287,384,2
1,288,384,2
1,289,384,2
1,290,384,2
1,291,384,2
1,292,384,2
2,65,128,2
2,66,128,6
2,67,128,6
2,68,128,6
2,69,128,6
2,70,128,6
2,71,128,6
2,72,128,6
2,73,128,6
2,74,128,6
2,75,128,6
2,76,128,6
2,77,128,6
2,78,128,6
2,79,128,6
2,80,128,6
2,81,128,6
2,82,128,6
2,83,128,6
2,84,128,6
2,85,128,6
2,86,128,6
2,87,128,6
2,88,128,6
2,89,128,6
2,90,128,6
2,91,128,6
2,92,128,6
2,93,128,6
2,94,128,6
2,95,128,6
2,96,128,6
2,97,128,5
2,98,128,5
2,99,128,6
2,100,128,5
2,101,128,5
2,102,128,6
2,103,128,5
2,104,128,5
2,105,128,6
2,106,128,5
2,107,128,5
2,108,128,6
2,109,128,5
2,110,128,3
2,111,128,4
2,112,128,3
2,113,128,3
2,114,128,4
2,115,128,3
2,116,128,4
2,117,128,5
2,118,128,5
2,119,128,7
2,120,128,7
2,121,128,6
2,122,128,7
2,123,128,7
2,124,128,6
2,125,128,7
2,126,128,7
2,127,128,6
2,128,128,7
2,129,192,6
2,130,192,5
2,131,192,5
2,132,192,6
2,133,192,5
2,134,192,5
2,135,192,5
2,136,192,3
2,137,192,3
2,138,192,4
2,139,192,3
2,140,192,3
2,141,192,4
2,142,192,3
2,143,192,3
2,144,192,4
2,145,192,3
2,146,192,3
2,147,192,4
2,148,192,3
2,149,192,3
2,150,192,4
2,151,192,3
2,152,192,3
2,153,192,4
2,154,192,3
2,155,192,5
2,156,192,5
2,157,192,4
2,158,192,5
2,159,192,5
2,160,192,4
2,161,192,5
2,162,192,7
2,163,192,6
2,164,192,6
2,165,192,7
2,166,192,5
2,167,192,7
2,168,192,7
2,169,192,5
2,170,192,7
2,171,192,6
2,172,192,6
2,173,192,7
2,174,192,6
2,175,192,6
2,176,192,6
2,177,192,7
2,178,192,6
2,179,192,6
2,180,192,7
2,181,192,5
2,182,192,7
2,183,192,7
2,184,192,5
2,185,192,7
2,186,192,6
2,187,192,6
2,188,192,7
2,189,192,6
2,190,192,6
2,191,192,6
2,192,192,7
2,193,256,5
2,194,256,3
2,195,256,4
2,196,256,3
2,197,256,3
2,198,256,4
2,199,256,3
2,200,256,3
2,201,256,4
2,202,256,3
2,203,256,3
2,204,256,4
2,205,256,3
2,206,256,3
2,207,256,4
2,208,256,3
2,209,256,3
2,210,256,4
2,211,256,3
2,212,256,3
2,213,256,4
2,214,256,3
2,215,256,5
2,216,256,5
2,217,256,5
2,218,256,5
2,219,256,5
2,220,256,5
2,221,256,4
2,222,256,6
2,223,256,5
2,224,256,4
2,225,256,6
2,226,256,4
2,227,256,5
2,228,256,6
2,229,256,4
2,230,256,5
2,231,256,5
2,232,256,6
2,233,256,7
2,234,256,6
2,235,256,6
2,236,256,6
2,237,256,7
2,238,256,6
2,239,256,6
2,240,256,7
2,241,256,5
2,242,256,7
2,243,256,7
2,244,256,5
2,245,256,7
2,246,256,6
2,247,256,6
2,248,256,7
2,249,256,6
2,250,256,6
2,251,256,6
2,252,256,7
2,253,256,6
2,254,256,6
2,255,256,7
2,256,256,5
2,257,384,5
2,258,384,4
2,259,384,3
2,260,384,3
2,261,384,4
2,262,384,3
2,263,384,3
2,264,384,4
2,265,384,3
2,266,384,3
2,267,384,4
2,268,384,3
2,269,384,3
2,270,384,4
2,271,384,3
2,272,384,3
2,273,384,4
2,274,384,3
2,275,384,3
2,276,384,4
2,277,384,3
2,278,384,3
2,279,384,4
2,280,384,3
2,281,384,3
2,282,384,4
2,283,384,3
2,284,384,3
2,285,384,4
2,286,384,3
2,287,384,3
2,288,384,4
2,289,384,3
2,290,384,3
2,291,384,4
2,292,384,3
2,293,384,3
2,294,384,4
2,295,384,3
2,296,384,3
2,297,384,4
2,298,384,3
2,299,384,3
2,300,384,4
2,301,384,3
2,302,384,3
2,303,384,4
2,304,384,3
2,305,384,3
2,306,384,4
2,307,384,3
2,308,384,4
2,309,384,5
2,310,384,4
2,311,384,5
2,312,384,5
2,313,384,4
2,314,384,5
2,315,384,5
2,316,384,4
2,317,384,5
2,318,384,5
2,319,384,4
2,320,384,5
2,321,384,5
2,322,384,6
2,323,384,7
2,324,384,6
2,325,384,6
2,326,384,6
2,327,384,7
2,328,384,6
2,329,384,6
2,330,384,7
2,331,384,5
2,332,384,7
2,333,384,7
2,334,384,5
2,335,384,7
2,336,384,6
2,337,384,6
2,338,384,7
2,339,384,6
2,340,384,6
2,341,384,6
2,342,384,7
2,343,384,6
2,344,384,6
2,345,384,7
2,346,384,5
2,347,384,7
2,348,384,7
2,349,384,5
2,350,384,7
2,351,384,6
2,352,384,6
2,353,384,7
2,354,384,6
2,355,384,6
2,356,384,6
2,357,384,7
2,358,384,6
2,359,384,6
2,360,384,7
2,361,384,5
2,362,384,6
2,363,384,5
2,364,384,4
2,365,384,5
2,366,384,5
2,367,384,4
2,368,384,5
2,369,384,5
2,370,384,4
2,371,384,5
2,372,384,5
2,373,384,4
2,374,384,5
2,375,384,5
2,376,384,4
2,377,384,5
2,378,384,5
2,379,384,4
2,380,384,5
2,381,384,5
2,382,384,4
2,383,384,5
2,384,384,5
2,385,512,4
2,386,512,3
2,387,512,4
2,388,512,3
2,389,512,3
2,390,512,4
2,391,512,3
2,392,512,3
2,393,512,4
2,394,512,3
2,395,512,3
2,396,512,4
2,397,512,3
2,398,512,3
2,399,512,4
2,400,512,3
2,401,512,3
2,402,512,4
2,403,512,3
2,404,512,3
2,405,512,4
2,406,512,3
2,407,512,3
2,408,512,4
2,409,512,3
2,410,512,3
2,411,512,4
2,412,512,3
2,413,512,3
2,414,512,4
2,415,512,3
2,416,512,3
2,417,512,4
2,418,512,3
2,419,512,3
2,420,512,4
2,421,512,3
2,422,512,3
2,423,512,4
2,424,512,3
2,425,512,3
2,426,512,4
2,427,512,3
2,428,512,3
2,429,512,4
2,430,512,3
2,431,512,3
2,432,512,4
2,433,512,3
2,434,512,3
2,435,512,2
2,436,512,2
2,437,512,2
2,438,512,2
2,439,512,2
2,440,512,2
2,441,512,2
2,442,512,2
2,443,512,2
2,444,512,2
2,445,512,2
2,446,512,2
2,447,512,2
2,448,512,2
2,449,512,2
2,450,512,2
2,451,512,2
2,452,512,2
2,453,512,2
2,454,512,2
2,455,512,2
2,456,512,2
2,457,512,2
2,458,512,2
2,459,512,2
2,460,512,2
2,461,512,2
2,462,512,2
2,463,512,2
2,464,512,2
2,465,512,2
2,466,512,2
2,467,512,2
2,468,512,2
2,469,512,2
2,470,512,2
2,471,512,2
2,472,512,2
2,473,512,2
2,474,512,2
2,475,512,2
2,476,512,2
2,477,512,2
2,478,512,2
2,479,512,2
2,480,512,2
2,481,512,2
2,482,512,2
2,483,512,2
2,484,512,2
2,485,512,2
2,486,512,2
2,487,512,2
2,488,512,2
2,489,512,2
2,490,512,2
2,491,512,2
2,492,512,2
2,493,512,2
2,494,512,2
2,495,512,2
2,496,512,2
2,497,512,2
2,498,512,2
2,499,512,2
2,500,512,2
2,501,512,2
2,502,512,2
2,503,512,2
2,504,512,2
2,505,512,2
2,506,512,2
2,507,512,2
2,508,512,2
2,509,512,2
2,510,512,2
2,511,512,2
2,512,512,2
2,513,768,2
2,514,768,2
2,515,768,2
2,516,768,2
2,517,768,2
2,518,768,2
2,519,768,2
2,520,768,2
2,521,768,2
2,522,768,2
2,523,768,2
2,524,768,2
2,525,768,2
2,526,768,2
2,527,768,2
2,528,768,2
2,529,768,2
2,530,768,2
2,531,768,2
2,532,768,2
2,533,768,2
2,534,768,2
2,535,768,2
2,536,768,2
2,537,768,2
2,538,768,2
2,539,768,2
2,540,768,2
2,541,768,2
2,542,768,2
2,543,768,2
2,544,768,2
2,545,768,2
2,546,768,2
2,547,768,2
2,548,768,2
2,549,768,2
2,550,768,2
2,551,768,2
2,552,768,2
2,553,768,2
2,554,768,2
2,555,768,2
2,556,768,2
2,557,768,2
2,558,768,2
2,559,768,2
2,560,768,2
2,561,768,2
2,562,768,2
2,563,768,2
2,564,768,2
2,565,768,2
2,566,768,2
2,567,768,2
2,568,768,2
2,569,768,2
2,570,768,2
2,571,768,2
2,572,768,2
2,573,768,2
2,574,768,2
2,575,768,2
2,576,768,2
2,577,768,2
2,578,768,2
##FILE ch_burnikel_ziegler_bound_02
0,129,192,835
0,130,192,7
0,131,192,88
0,132,192,33
0,133,192,45
0,134,192,817
0,135,192,874
0,136,192,36
0,137,192,32
0,138,192,31
0,139,192,87
0,140,192,34
0,141,192,35
0,142,192,33
0,143,192,86
0,144,192,34
0,145,192,34
0,146,192,33
0,147,192,87
0,148,192,34
0,149,192,35
0,150,192,36
0,151,192,88
0,152,192,32
0,153,192,34
0,154,192,34
0,155,192,87
0,156,192,33
0,157,192,21
0,158,192,34
0,159,192,114
0,160,192,52
0,161,192,46
0,162,192,47
0,163,192,109
0,164,192,38
0,165,192,20
0,166,192,19
0,167,192,47
0,168,192,20
0,169,192,20
0,170,192,20
0,171,192,46
0,172,192,20
0,173,192,8
0,174,192,19
0,175,192,34
0,176,192,21
0,177,192,7
0,178,192,8
0,179,192,8
0,180,192,6
0,181,192,7
0,182,192,7
0,183,192,8
0,184,192,7
0,185,192,7
0,186,192,7
0,187,192,8
0,188,192,6
0,189,192,7
0,190,192,8
0,191,192,9
0,192,192,8
0,193,256,6
0,194,256,7
0,195,256,8
0,196,256,7
0,197,256,7
0,198,256,7
0,199,256,7
0,200,256,7
0,201,256,7
0,202,256,6
0,203,256,8
0,204,256,7
0,205,256,7
0,206,256,9
0,207,256,20
0,208,256,6
0,209,256,20
0,210,256,7
0,211,256,34
0,212,256,20
0,213,256,20
0,214,256,20
0,215,256,46
0,216,256,19
0,217,256,20
0,218,256,14
0,219,256,41
0,220,256,14
0,221,256,13
0,222,256,13
0,223,256,40
0,224,256,14
0,225,256,13
0,226,256,13
0,227,256,41
0,228,256,13
0,229,256,13
0,230,256,13
0,231,256,46
0,232,256,15
0,233,256,20
0,234,256,20
0,235,256,45
0,236,256,26
0,237,256,26
0,238,256,20
0,239,256,53
0,240,256,26
0,241,256,21
0,242,256,26
0,243,256,53
0,244,256,19
0,245,256,26
0,246,256,27
0,247,256,47
0,248,256,27
0,249,256,25
0,250,256,19
0,251,256,54
0,252,256,26
0,253,256,21
0,254,256,26
0,255,256,52
0,256,256,20
0,257,384,21
0,258,384,20
0,259,384,34
0,260,384,19
0,261,384,7
0,262,384,21
0,263,384,20
0,264,384,6
0,265,384,7
0,266,384,7
0,267,384,8
0,268,384,8
0,271,384,1
0,274,384,1
0,275,384,2
0,276,384,1
0,277,384,1
0,278,384,1
0,279,384,1
0,280,384,1
0,282,384,1
0,283,384,2
0,285,384,1
0,289,384,1
0,290,384,1
0,291,384,2
0,294,384,1
0,295,384,4
0,296,384,1
0,299,384,3
0,300,384,1
0,303,384,2
0,304,384,2
0,305,384,1
0,307,384,1
0,308,384,7
0,309,384,15
0,310,384,1
0,311,384,21
0,312,384,6
0,313,384,13
0,314,384,15
0,315,384,40
0,316,384,14
0,317,384,20
0,318,384,20
0,319,384,30
0,320,384,20
0,321,384,6
0,322,384,21
0,323,384,31
0,324,384,16
0,325,384,8
0,326,384,6
0,327,384,13
0,328,384,6
0,329,384,14
0,330,384,12
0,332,384,14
0,333,384,13
0,334,384,6
0,335,384,14
0,336,384,6
0,337,384,7
0,338,384,12
0,339,384,14
0,340,384,6
0,341,384,7
0,342,384,12
0,343,384,7
0,344,384,13
0,345,384,12
0,346,384,1
0,347,384,13
0,348,384,13
0,349,384,7
0,350,384,14
0,351,384,6
0,352,384,6
0,353,384,14
0,354,384,12
0,355,384,6
0,356,384,7
0,357,384,13
0,358,384,7
0,359,384,12
0,360,384,14
0,362,384,13
0,363,384,12
0,364,384,7
0,365,384,13
0,366,384,6
0,367,384,7
0,368,384,13
0,369,384,13
0,370,384,7
0,371,384,7
0,372,384,12
0,373,384,6
0,374,384,14
0,375,384,12
0,377,384,13
0,378,384,14
0,379,384,6
0,380,384,12
0,381,384,7
0,382,384,7
0,383,384,13
0,384,384,12
0,388,512,1
0,392,512,1
0,404,512,1
0,409,512,1
0,413,512,1
0,425,512,1
0,430,512,1
0,434,512,1
0,439,512,1
0,446,512,1
0,451,512,1
0,455,512,1
0,460,512,1
0,462,512,7
0,464,512,6
0,465,512,7
0,467,512,7
0,468,512,6
0,470,512,7
0,471,512,6
0,472,512,1
0,473,512,6
0,474,512,7
0,476,512,4
1,66,128,27
1,67,128,810
1,68,128,29
1,69,128,25
1,70,128,28
1,71,128,26
1,72,128,27
1,73,128,27
1,74,128,27
1,75,128,29
1,76,128,26
1,77,128,28
1,78,128,26
1,79,128,27
1,80,128,46
1,81,128,40
1,82,128,31
1,83,128,13
1,84,128,14
1,85,128,13
1,86,128,13
1,87,128,13
1,88,128,14
1,89,128,1
1,91,128,1
1,95,128,1
1,96,128,1
1,98,128,1
1,102,128,1
1,103,128,1
1,105,128,1
1,106,128,13
1,107,128,13
1,108,128,13
1,109,128,14
1,110,128,13
1,111,128,13
1,112,128,14
1,113,128,13
1,114,128,13
1,115,128,13
1,116,128,14
1,117,128,13
1,118,128,13
1,119,128,14
1,120,128,13
1,121,128,13
1,122,128,13
1,123,128,14
1,124,128,13
1,125,128,13
1,126,128,14
1,127,128,13
1,128,128,13
1,129,192,14
1,130,192,13
1,131,192,13
1,133,192,1
1,134,192,1
1,138,192,1
1,140,192,1
1,141,192,1
1,145,192,1
1,147,192,1
1,148,192,1
1,150,192,1
1,152,192,1
1,154,192,1
1,155,192,1
1,157,192,8
1,158,192,13
1,159,192,13
1,160,192,13
1,161,192,14
1,162,192,4
2,65,128,6
2,66,128,20
2,67,128,20
2,68,128,20
2,69,128,20
2,70,128,20
2,71,128,20
2,72,128,19
2,73,128,21
2,74,128,20
2,75,128,19
2,76,128,21
2,77,128,19
2,78,128,20
2,79,128,20
2,80,128,20
2,81,128,20
2,82,128,20
2,83,128,20
2,84,128,20
2,85,128,20
2,86,128,19
2,87,128,21
2,88,128,20
2,89,128,19
2,90,128,21
2,91,128,19
2,92,128,20
2,93,128,20
2,94,128,20
2,95,128,20
2,96,128,20
2,97,128,19
2,98,128,21
2,99,128,20
2,100,128,19
2,101,128,20
2,102,128,20
2,103,128,18
2,104,128,21
2,105,128,19
2,106,128,20
2,107,128,20
2,108,128,20
2,109,128,20
2,110,128,7
2,111,128,7
2,112,128,7
2,113,128,7
2,114,128,7
2,115,128,7
2,116,128,13
2,117,128,13
2,118,128,20
2,119,128,32
2,120,128,26
2,121,128,27
2,122,128,33
2,123,128,26
2,124,128,26
2,125,128,32
2,126,128,27
2,127,128,26
2,128,128,32
2,129,192,22
2,130,192,20
2,131,192,18
2,132,192,21
2,133,192,19
2,134,192,19
2,135,192,14
2,136,192,6
2,137,192,7
2,138,192,8
2,139,192,6
2,140,192,8
2,141,192,7
2,142,192,7
2,143,192,7
2,144,192,7
2,145,192,6
2,146,192,7
2,147,192,7
2,148,192,7
2,149,192,7
2,150,192,7
2,151,192,7
2,152,192,7
2,153,192,7
2,154,192,7
2,155,192,20
2,156,192,13
2,157,192,13
2,158,192,20
2,159,192,13
2,160,192,14
2,161,192,20
2,162,192,26
2,163,192,27
2,164,192,25
2,165,192,27
2,166,192,19
2,167,192,33
2,168,192,27
2,169,192,20
2,170,192,32
2,171,192,20
2,172,192,26
2,173,192,31
2,174,192,21
2,175,192,27
2,176,192,26
2,177,192,27
2,178,192,24
2,179,192,27
2,180,192,26
2,181,192,20
2,182,192,32
2,183,192,27
2,184,192,19
2,185,192,33
2,186,192,21
2,187,192,24
2,188,192,33
2,189,192,20
2,190,192,26
2,191,192,26
2,192,192,26
2,193,256,19
2,194,256,7
2,195,256,7
2,196,256,7
2,197,256,8
2,198,256,6
2,199,256,7
2,200,256,7
2,201,256,6
2,202,256,7
2,203,256,8
2,204,256,6
2,205,256,8
2,206,256,6
2,207,256,8
2,208,256,7
2,209,256,6
2,210,256,7
2,211,256,7
2,212,256,6
2,213,256,8
2,214,256,7
2,215,256,6
2,216,256,8
2,217,256,7
2,218,256,7
2,219,256,7
2,220,256,8
2,221,256,6
2,222,256,7
2,223,256,6
2,224,256,8
2,225,256,7
2,226,256,7
2,227,256,7
2,228,256,8
2,229,256,6
2,230,256,7
2,231,256,8
2,232,256,13
2,233,256,20
2,234,256,14
2,235,256,12
2,236,256,20
2,237,256,13
2,238,256,14
2,239,256,11
2,240,256,6
2,241,256,7
2,242,256,7
2,243,256,6
2,244,256,7
2,245,256,7
2,246,256,6
2,247,256,7
2,248,256,7
2,249,256,6
2,250,256,7
2,251,256,6
2,252,256,7
2,253,256,7
2,254,256,6
2,255,256,7
2,256,256,7
2,257,384,6
2,258,384,7
2,259,384,7
2,260,384,6
2,261,384,7
2,262,384,7
2,263,384,6
2,264,384,7
2,265,384,6
2,266,384,7
2,267,384,7
2,268,384,6
2,269,384,7
2,270,384,7
2,271,384,6
2,272,384,7
2,273,384,7
2,274,384,6
2,275,384,7
2,276,384,7
2,277,384,6
2,278,384,7
2,279,384,6
2,280,384,7
2,281,384,7
2,282,384,6
2,283,384,7
2,284,384,7
2,285,384,6
2,286,384,7
2,287,384,7
2,288,384,6
2,289,384,7
2,290,384,7
2,291,384,6
2,292,384,7
2,293,384,7
2,294,384,6
2,295,384,7
2,296,384,6
2,297,384,7
2,298,384,7
2,299,384,6
2,300,384,7
2,301,384,7
2,302,384,6
2,303,384,7
2,304,384,7
2,305,384,6
2,306,384,7
2,307,384,7
2,308,384,6
2,309,384,7
2,310,384,6
2,311,384,7
2,312,384,7
2,313,384,6
2,314,384,7
2,315,384,7
2,316,384,6
2,317,384,7
2,318,384,4
##FILE ch_large_01
0,129,192,1
0,131,192,2
0,132,192,1
0,133,192,1
0,134,192,1
0,135,192,7
0,136,192,3
0,139,192,2
0,140,192,1
0,143,192,6
0,144,192,3
0,145,192,1
0,146,192,1
0,147,192,3
0,148,192,1
0,153,192,1
0,154,192,1
0,155,192,1
0,157,192,1
0,158,192,1
0,159,192,11
0,160,192,5
0,163,192,2
0,164,192,1
0,167,192,4
0,168,192,2
0,169,192,1
0,170,192,1
0,171,192,1
0,181,192,1
0,182,192,1
0,183,192,1
0,185,192,1
0,186,192,1
0,187,192,3
0,188,192,1
0,193,256,1
0,194,256,1
0,195,256,1
0,205,256,1
0,206,256,1
0,207,256,1
0,211,256,2
0,212,256,1
0,225,256,1
0,226,256,1
0,227,256,1
0,229,256,2
0,230,256,2
0,231,256,4
0,232,256,1
0,235,256,2
0,236,256,1
0,239,256,4
0,240,256,2
0,245,256,1
0,246,256,1
0,247,256,1
0,251,256,2
0,252,256,1
0,253,256,1
0,254,256,1
0,255,256,1
0,257,384,1
0,258,384,1
0,259,384,1
0,263,384,2
0,264,384,1
0,265,384,2
0,266,384,2
0,267,384,4
0,268,384,1
0,273,384,1
0,274,384,1
0,275,384,1
0,281,384,3
0,282,384,3
0,283,384,3
0,287,384,2
0,288,384,1
0,289,384,1
0,290,384,1
0,291,384,1
0,301,384,1
0,302,384,1
0,303,384,1
0,311,384,2
0,312,384,1
0,313,384,1
0,314,384,1
0,315,384,9
0,316,384,4
0,323,384,2
0,324,384,1
0,329,384,2
0,330,384,2
0,331,384,2
0,335,384,2
0,336,384,1
0,359,384,2
0,360,384,1
0,365,384,1
0,366,384,1
0,367,384,1
0,369,384,1
0,370,384,1
0,371,384,1
0,383,384,2
0,384,384,1
0,407,512,2
0,408,512,1
0,419,512,2
0,420,512,1
0,447,512,2
0,448,512,1
0,455,512,4
0,456,512,2
0,457,512,1
0,458,512,1
0,459,512,1
0,465,512,1
0,466,512,1
0,467,512,1
0,473,512,1
0,474,512,1
0,475,512,3
0,476,512,1
0,485,512,1
0,486,512,1
0,487,512,1
0,499,512,2
0,500,512,1
0,501,512,1
0,502,512,1
0,503,512,1
0,511,512,2
0,512,512,1
0,523,768,2
0,524,768,1
0,525,768,1
0,526,768,1
0,527,768,3
0,528,768,1
0,531,768,2
0,532,768,1
0,541,768,1
0,542,768,1
0,543,768,1
0,557,768,1
0,558,768,1
0,559,768,5
0,560,768,2
0,571,768,2
0,572,768,1
0,575,768,2
0,576,768,1
0,597,768,1
0,598,768,1
0,599,768,1
0,619,768,2
0,620,768,1
0,621,768,1
0,622,768,1
0,623,768,1
0,627,768,8
0,628,768,4
0,641,768,1
0,642,768,1
0,643,768,1
0,655,768,4
0,656,768,2
0,667,768,2
0,668,768,1
0,715,768,2
0,716,768,1
0,725,768,1
0,726,768,1
0,727,768,1
0,735,768,2
0,736,768,1
0,761,768,1
0,762,768,1
0,763,768,1
0,811,1024,2
0,812,1024,1
0,833,1024,1
0,834,1024,1
0,835,1024,1
0,891,1024,2
0,892,1024,1
0,905,1024,2
0,906,1024,2
0,907,1024,2
0,911,1024,2
0,912,1024,1
0,927,1024,2
0,928,1024,1
0,943,1024,2
0,944,1024,1
0,947,1024,2
0,948,1024,1
0,967,1024,2
0,968,1024,1
0,993,1024,1
0,994,1024,1
0,995,1024,1
0,997,1024,1
0,998,1024,1
0,999,1024,1
0,1017,1024,1
0,1018,1024,1
0,1019,1024,1
0,1043,1536,2
0,1044,1536,1
0,1045,1536,1
0,1046,1536,1
0,1047,1536,1
0,1049,1536,1
0,1050,1536,1
0,1051,1536,1
0,1057,1536,1
0,1058,1536,1
0,1059,1536,1
0,1077,1536,1
0,1078,1536,1
0,1079,1536,1
0,1109,1536,1
0,1110,1536,1
0,1111,1536,1
0,1115,1536,4
0,1116,1536,2
0,1139,1536,2
0,1140,1536,1
0,1145,1536,1
0,1146,1536,1
0,1147,1536,1
0,1191,1536,2
0,1192,1536,1
0,1235,1536,2
0,1236,1536,1
0,1239,1536,2
0,1240,1536,1
0,1249,1536,1
0,1250,1536,1
0,1251,1536,7
0,1252,1536,3
0,1279,1536,2
0,1280,1536,1
0,1305,1536,1
0,1306,1536,1
0,1307,1536,3
0,1308,1536,1
0,1329,1536,1
0,1330,1536,1
0,1331,1536,1
0,1427,1536,2
0,1428,1536,1
0,1445,1536,1
0,1446,1536,1
0,1447,1536,1
0,1463,1536,1
0,1467,1536,1
0,1468,1536,1
0,1473,1536,1
0,1519,1536,2
0,1520,1536,1
0,1617,2048,1
0,1618,2048,1
0,1619,2048,1
0,1663,2048,2
0,1664,2048,1
0,1773,2048,1
0,1778,2048,1
0,1779,2048,1
0,1805,2048,1
0,1806,2048,1
0,1807,2048,3
0,1808,2048,1
0,1819,2048,2
0,1820,2048,1
0,1851,2048,2
0,1852,2048,1
0,1881,2048,1
0,1882,2048,1
0,1883,2048,1
0,1889,2048,1
0,1890,2048,1
0,1891,2048,1
0,1906,2048,1
0,1929,2048,1
0,1930,2048,1
0,1931,2048,1
0,1981,2048,1
0,1982,2048,1
0,1983,2048,1
0,1991,2048,2
0,1992,2048,1
0,2031,2048,2
0,2032,2048,1
0,2081,3072,1
0,2082,3072,1
0,2083,3072,1
0,2087,3072,2
0,2088,3072,1
0,2095,3072,2
0,2096,3072,1
0,2109,3072,1
0,2110,3072,1
0,2111,3072,1
0,2145,3072,1
0,2150,3072,2
0,2151,3072,1
0,2213,3072,1
0,2214,3072,1
0,2215,3072,1
0,2227,3072,4
0,2228,3072,2
0,2273,3072,1
0,2274,3072,1
0,2275,3072,1
0,2285,3072,1
0,2286,3072,1
0,2287,3072,1
0,2379,3072,2
0,2380,3072,1
0,2463,3072,1
0,2467,3072,1
0,2468,3072,1
0,2473,3072,1
0,2474,3072,1
0,2475,3072,1
0,2495,3072,2
0,2496,3072,1
0,2497,3072,1
0,2498,3072,1
0,2499,3072,5
0,2500,3072,2
0,2555,3072,2
0,2556,3072,1
0,2596,3072,1
0,2607,3072,2
0,2608,3072,1
0,2609,3072,1
0,2610,3072,1
0,2611,3072,1
0,2655,3072,2
0,2656,3072,1
0,2848,3072,1
0,2849,3072,1
0,2851,3072,1
0,2885,3072,1
0,2886,3072,1
0,2887,3072,1
0,3033,3072,1
0,3034,3072,1
0,3035,3072,1
0,3231,4096,2
0,3232,4096,1
0,3321,4096,1
0,3322,4096,1
0,3323,4096,1
0,3605,4096,1
0,3606,4096,1
0,3607,4096,1
0,3611,4096,2
0,3612,4096,1
0,3635,4096,2
0,3636,4096,1
0,3699,4096,2
0,3700,4096,1
0,3757,4096,1
0,3758,4096,1
0,3759,4096,1
0,3773,4096,1
0,3774,4096,1
0,3775,4096,1
0,3855,4096,2
0,3856,4096,1
0,3959,4096,2
0,3960,4096,1
0,3977,4096,1
0,3978,4096,1
0,3979,4096,1
0,4057,4096,1
0,4058,4096,1
0,4059,4096,1
0,4155,6144,1
0,4159,6144,1
0,4160,6144,1
0,4165,6144,1
0,4170,6144,1
0,4171,6144,1
0,4187,6144,2
0,4188,6144,1
0,4215,6144,2
0,4216,6144,1
0,4360,6144,1
0,4401,6144,1
0,4419,6144,1
0,4423,6144,1
0,4424,6144,1
0,4432,6144,1
0,4447,6144,1
0,4449,6144,1
0,4450,6144,1
0,4451,6144,2
0,4452,6144,1
0,4543,6144,2
0,4544,6144,1
0,4566,6144,1
0,4567,6144,1
0,4568,6144,1
0,4753,6144,1
0,4754,6144,1
0,4755,6144,1
0,4941,6144,1
0,4942,6144,1
0,4943,6144,1
0,4985,6144,1
0,4986,6144,1
0,4987,6144,1
0,4991,6144,3
0,4992,6144,1
0,4994,6144,1
0,4995,6144,2
0,4996,6144,2
0,5103,6144,1
0,5106,6144,1
0,5107,6144,1
0,5209,6144,1
0,5211,6144,1
0,5212,6144,1
0,5215,6144,2
0,5216,6144,1
0,5280,6144,1
0,5307,6144,2
0,5308,6144,1
0,5478,6144,1
0,5750,6144,1
0,5763,6144,1
0,5766,6144,1
0,5767,6144,1
0,5771,6144,1
0,6061,6144,1
0,6063,6144,1
0,6064,6144,1
0,6132,6144,1
0,6456,8192,1
0,6457,8192,1
0,6459,8192,1
0,6633,8192,1
0,6638,8192,1
0,6639,8192,1
0,6652,8192,1
0,7122,8192,1
0,7206,8192,1
0,7207,8192,1
0,7208,8192,1
0,7213,8192,1
0,7218,8192,1
0,7219,8192,1
0,7264,8192,1
0,7265,8192,1
0,7267,8192,1
0,7389,8192,1
0,7394,8192,1
0,7395,8192,1
0,7509,8192,1
0,7510,8192,1
0,7511,8192,1
0,7540,8192,1
0,7541,8192,1
0,7543,8192,1
0,7707,8192,2
0,7708,8192,1
0,7913,8192,1
0,7914,8192,1
0,7915,8192,1
0,7947,8192,1
0,7951,8192,1
0,7952,8192,1
0,8110,8192,1
0,8111,8192,1
0,8112,8192,1
0,8183,8192,1
0,8368,12288,1
0,8369,12288,1
0,8371,12288,2
0,8426,12288,1
0,8427,12288,1
0,8428,12288,1
0,8889,12288,1
0,8893,12288,1
0,9082,12288,1
0,9083,12288,1
0,9084,12288,1
0,9353,12288,1
0,9398,12288,1
0,9490,12288,1
0,9503,12288,2
0,9504,12288,1
0,9538,12288,1
0,9576,12288,1
0,9878,12288,1
0,9879,12288,1
0,9880,12288,1
0,9964,12288,1
0,9965,12288,1
0,9967,12288,1
0,9978,12288,1
0,9979,12288,1
0,9980,12288,1
0,10201,12288,1
0,10415,12288,1
0,10427,12288,2
0,10428,12288,1
0,10581,12288,1
0,10608,12288,1
0,10609,12288,1
0,10611,12288,1
0,11523,12288,1
0,11527,12288,1
0,12078,12288,1
0,12117,12288,1
0,12568,16384,1
0,12763,16384,1
0,12999,16384,1
0,13466,16384,1
0,13680,16384,1
0,13691,16384,1
0,13987,16384,1
0,14765,16384,1
0,15012,16384,1
0,15013,16384,1
0,15015,16384,1
0,15408,16384,1
0,15409,16384,1
0,15411,16384,1
0,15813,16384,1
0,15822,16384,1
0,15823,16384,1
0,15824,16384,1
0,16182,16384,1
0,17023,24576,1
0,18759,24576,1
0,19002,24576,1
0,19003,24576,1
0,19004,24576,1
0,20184,24576,1
0,20848,24576,1
0,20849,24576,1
0,20851,24576,1
0,21883,24576,1
1,67,128,1
1,68,128,1
1,70,128,1
1,72,128,3
1,79,128,1
1,80,128,1
1,82,128,1
1,84,128,1
1,93,128,1
1,94,128,1
1,97,128,1
1,106,128,1
1,113,128,1
1,115,128,1
1,118,128,1
1,127,128,1
1,132,192,1
1,133,192,1
1,137,192,1
1,141,192,3
1,156,192,1
1,158,192,1
1,162,192,1
1,165,192,1
1,183,192,1
1,185,192,1
1,192,192,1
1,210,256,1
1,224,256,1
1,228,256,1
1,233,256,1
1,251,256,1
1,262,384,1
1,263,384,1
1,271,384,1
1,279,384,1
1,280,384,2
1,310,384,1
1,314,384,1
1,321,384,1
1,328,384,1
1,363,384,1
1,368,384,1
1,381,384,1
1,417,512,1
1,446,512,1
1,453,512,1
1,464,512,1
1,499,512,1
1,522,768,1
1,523,768,1
1,539,768,1
1,555,768,1
1,558,768,2
1,618,768,1
1,626,768,1
1,640,768,1
1,653,768,1
1,723,768,1
1,734,768,1
1,760,768,1
1,832,1024,1
1,889,1024,1
1,904,1024,1
1,926,1024,1
1,996,1024,1
1,1041,1536,1
1,1044,1536,1
1,1075,1536,1
1,1107,1536,1
1,1114,1536,2
1,1234,1536,1
1,1250,1536,1
1,1278,1536,1
1,1304,1536,1
1,1443,1536,1
1,1517,1536,1
1,1661,2048,1
1,1806,2048,1
1,1850,2048,1
1,1989,2048,1
1,2080,3072,1
1,2085,3072,1
1,2212,3072,1
1,2225,3072,1
1,2226,3072,1
1,2498,3072,1
1,2553,3072,1
1,2606,3072,1
1,2883,3072,1
1,3032,3072,1
1,3319,4096,1
1,3609,4096,1
1,3697,4096,1
1,3976,4096,1
1,4447,6144,1
1,4449,6144,1
1,5103,6144,1
1,5210,6144,1
1,5764,6144,1
1,6061,6144,1
2,737,768,1
2,743,768,1
2,954,1024,1
2,1021,1024,1
2,1076,1536,1
2,1079,1536,1
2,1299,1536,1
2,1366,1536,1
2,2181,3072,1
2,2201,3072,1
2,2217,3072,1
2,2224,3072,1
2,2284,3072,1
2,2320,3072,1
2,3067,3072,1
2,3562,4096,1
2,3638,4096,1
2,3807,4096,1
2,4186,6144,1
2,4677,6144,1
2,4700,6144,1
2,4766,6144,1
2,4770,6144,1
2,4789,6144,1
2,4955,6144,1
2,5093,6144,1
2,5604,6144,1
2,5660,6144,1
2,6285,8192,1
2,6382,8192,1
2,6808,8192,1
2,6994,8192,1
2,7383,8192,1
2,7557,8192,1
2,7930,8192,1
2,9666,12288,1
##FILE ch_length_ratio_integer_00
0,221,256,2
0,222,256,2
0,223,256,2
0,439,512,4
0,440,512,2
0,873,1024,2
0,874,1024,2
0,875,1024,2
0,1741,2048,2
0,1742,2048,2
0,1743,2048,2
0,3477,4096,2
0,3478,4096,2
0,3479,4096,2
0,6947,8192,2
0,6950,8192,2
0,6951,8192,2
0,13891,16384,2
0,27781,32768,2
0,55559,65536,2
0,111113,131072,2
0,222223,262144,2
1,111,128,2
1,220,256,2
1,437,512,2
1,871,1024,2
1,1739,2048,2
1,3475,4096,2
1,6947,8192,2
1,13892,16384,2
1,27781,32768,2
1,55559,65536,2
2,111112,131072,2
2,166668,196608,2
##FILE ch_length_ratio_integer_01
0,249,256,2
0,250,256,2
0,251,256,2
0,493,512,2
0,494,512,2
0,495,512,2
0,981,1024,2
0,982,1024,2
0,983,1024,2
0,1957,2048,2
0,1958,2048,2
0,1959,2048,2
0,3911,4096,4
0,3912,4096,2
0,7815,8192,2
0,7818,8192,2
0,7819,8192,2
0,15627,16384,2
0,31253,32768,2
0,62503,65536,2
0,125001,131072,1
0,125003,131072,1
0,187500,196608,1
0,187501,196608,1
1,125,128,2
1,247,256,2
1,491,512,2
1,979,1024,2
1,1956,2048,2
1,3909,4096,2
1,7815,8192,2
1,15628,16384,2
1,31253,32768,2
1,62503,65536,1
1,62504,65536,1
2,93751,98304,2
2,125001,131072,2
##FILE ch_length_ratio_integer_02
0,191,192,4
0,192,192,2
0,377,384,2
0,378,384,2
0,379,384,2
0,749,768,2
0,750,768,2
0,751,768,2
0,1493,1536,2
0,1494,1536,2
0,1495,1536,2
0,2981,3072,2
0,2982,3072,2
0,2983,3072,2
0,5955,6144,2
0,5958,6144,2
0,5959,6144,2
0,11907,12288,2
0,23811,24576,2
0,47621,49152,2
0,95239,98304,2
0,130953,131072,2
1,96,128,2
1,189,192,2
1,375,384,2
1,747,768,2
1,1491,1536,2
1,2979,3072,2
1,5955,6144,2
1,11907,12288,2
1,23812,24576,2
1,47622,49152,2
2,65477,65536,2
2,83335,98304,2
##FILE ch_r_nearly_zero_01
0,129,192,356
0,130,192,25
0,131,192,42
0,132,192,43
0,133,192,49
0,134,192,354
0,135,192,405
0,136,192,59
0,137,192,39
0,138,192,54
0,139,192,84
0,140,192,54
0,141,192,34
0,142,192,33
0,143,192,54
0,144,192,45
0,145,192,43
0,146,192,32
0,147,192,68
0,148,192,37
0,149,192,30
0,150,192,43
0,151,192,59
0,152,192,36
0,153,192,25
0,154,192,20
0,155,192,31
0,156,192,46
0,157,192,23
0,158,192,27
0,159,192,49
0,160,192,41
0,161,192,28
0,162,192,20
0,163,192,42
0,164,192,38
0,165,192,21
0,166,192,24
0,167,192,42
0,168,192,42
0,169,192,22
0,170,192,18
0,171,192,34
0,172,192,26
0,173,192,12
0,174,192,27
0,175,192,35
0,176,192,38
0,177,192,15
0,178,192,12
0,179,192,24
0,180,192,27
0,181,192,20
0,182,192,15
0,183,192,29
0,184,192,14
0,185,192,6
0,186,192,9
0,187,192,12
0,188,192,17
0,189,192,9
0,190,192,6
0,191,192,15
0,192,192,13
0,193,256,7
0,194,256,12
0,195,256,12
0,196,256,11
0,197,256,6
0,198,256,4
0,199,256,10
0,200,256,11
0,201,256,7
0,202,256,9
0,203,256,16
0,204,256,16
0,205,256,7
0,206,256,7
0,207,256,14
0,208,256,12
0,209,256,5
0,210,256,5
0,211,256,10
0,212,256,13
0,213,256,8
0,214,256,2
0,215,256,10
0,216,256,7
0,217,256,5
0,218,256,6
0,219,256,11
0,220,256,9
0,221,256,3
0,222,256,5
0,223,256,8
0,224,256,12
0,225,256,7
0,227,256,7
0,228,256,3
0,229,256,3
0,230,256,1
0,231,256,4
0,232,256,4
0,233,256,3
0,234,256,2
0,235,256,5
0,236,256,4
0,237,256,2
0,238,256,1
0,239,256,3
0,240,256,3
0,241,256,2
0,242,256,1
0,243,256,3
0,244,256,1
0,246,256,1
0,247,256,1
0,248,256,1
1,66,128,2
1,67,128,328
1,68,128,14
1,69,128,18
1,70,128,15
1,71,128,11
1,72,128,5
1,73,128,12
1,74,128,9
1,75,128,9
1,76,128,7
1,77,128,4
1,78,128,3
1,79,128,6
1,80,128,1
1,81,128,3
1,82,128,5
1,83,128,1
1,84,128,3
1,85,128,1
2,65,128,14
2,66,128,44
2,67,128,40
2,68,128,41
2,69,128,48
2,70,128,42
2,71,128,35
2,72,128,32
2,73,128,33
2,74,128,30
2,75,128,25
2,76,128,39
2,77,128,25
2,78,128,27
2,79,128,25
2,80,128,24
2,81,128,22
2,82,128,23
2,83,128,28
2,84,128,24
2,85,128,21
2,86,128,24
2,87,128,28
2,88,128,22
2,89,128,16
2,90,128,20
2,91,128,15
2,92,128,18
2,93,128,12
2,94,128,7
2,95,128,3
2,96,128,7
2,97,128,10
2,98,128,5
2,99,128,10
2,100,128,6
2,101,128,10
2,102,128,5
2,103,128,3
2,104,128,12
2,105,128,8
2,106,128,8
2,107,128,5
2,108,128,8
2,109,128,4
2,110,128,3
2,111,128,3
2,112,128,4
2,113,128,5
2,114,128,1
2,115,128,4
2,116,128,4
2,117,128,2
2,118,128,1
2,119,128,2
2,120,128,3
2,121,128,1
2,123,128,1
