
======================================================================
=== ADD : 22 cases ===
======================================================================
case                                    CUR_O2    BEST_O2     CUR_O3    BEST_O3    C2/B2   C3/B3
------------------------------------------------------------------------------------------------
carry_chain_00.in                         16.0       15.9       15.8       15.9    1.008   0.997
carry_chain_01.in                         17.2       16.9       17.3       17.2    1.018   1.010
carry_chain_02.in                         16.1       16.3       16.5       16.5    0.987   1.003
carry_chain_03.in                         17.3       17.4       17.7       17.5    0.997   1.010
example_00.in                             10.4       10.0       10.4       10.6    1.038   0.983
large_00.in                               16.9       16.8       17.7       16.9    1.003   1.048
large_01.in                               17.7       17.4       17.6       17.2    1.017   1.022
large_02.in                               17.5       17.5       17.7       17.8    0.999   0.992
large_small_00.in                         18.0       18.5       18.8       18.5    0.972   1.016
max_max_00 .in                            17.0       17.5       17.6       17.2    0.972   1.021
max_max_01 .in                            17.3       17.0       17.3       17.0    1.018   1.017
max_max_02 .in                            17.1       17.1       17.3       17.6    0.995   0.984
max_max_03 .in                            17.4       17.6       17.7       17.4    0.988   1.019
max_max_04 .in                            16.8       17.2       16.9       17.0    0.981   0.993
max_max_05 .in                            16.9       16.7       16.9       16.9    1.011   1.004
max_max_06 .in                            16.8       16.7       17.1       16.9    1.008   1.009
max_max_07 .in                            17.0       17.0       17.2       17.6    0.997   0.978
medium_00.in                              18.4       18.5       18.8       18.6    0.999   1.006
medium_01.in                              17.4       17.6       18.1       17.8    0.989   1.015
medium_02.in                              17.4       17.5       17.7       17.5    0.996   1.010
small_00.in                               29.1       28.9       29.4       29.5    1.006   0.998
sum_zero_00.in                            17.9       17.8       17.7       17.8    1.009   0.996

======================================================================
=== MUL : 20 cases ===
======================================================================
case                                    CUR_O2    BEST_O2     CUR_O3    BEST_O3    C2/B2   C3/B3
------------------------------------------------------------------------------------------------
example_00.in                             10.4       10.0       10.9       11.0    1.035   0.992
fft_killer_00.in                          41.2       40.6       41.1       40.9    1.012   1.004
fft_killer_01.in                          38.8       41.2       39.1       40.2    0.943   0.973
large_00.in                               33.3       32.4       31.4       33.5    1.027   0.938
large_01.in                               33.3       34.2       33.2       33.4    0.975   0.993
large_02.in                               32.7       32.3       33.9       33.1    1.012   1.022
large_small_00.in                         40.0       41.3       40.6       41.1    0.968   0.989
max_max_00 .in                            37.8       38.5       38.3       37.7    0.980   1.015
max_max_01 .in                            38.1       37.5       38.4       37.8    1.016   1.017
max_max_02 .in                            38.5       37.5       39.3       38.6    1.026   1.020
max_max_03 .in                            38.6       37.7       39.0       39.7    1.026   0.983
max_max_04 .in                            38.0       38.3       39.1       38.6    0.992   1.014
max_max_05 .in                            38.4       38.3       38.2       37.7    1.002   1.012
max_max_06 .in                            37.4       37.7       38.5       37.8    0.991   1.019
max_max_07 .in                            37.4       37.7       38.6       38.7    0.991   0.996
medium_00.in                              28.6       29.0       28.8       29.7    0.984   0.970
medium_01.in                              28.8       29.1       29.0       29.3    0.989   0.990
medium_02.in                              28.2       28.7       28.4       29.3    0.984   0.971
small_00.in                               45.3       44.2       43.4       43.5    1.025   0.998
zero_00.in                                13.5       13.9       14.0       13.8    0.973   1.014

======================================================================
=== DIV : 26 cases ===
======================================================================
case                                    CUR_O2    BEST_O2     CUR_O3    BEST_O3    C2/B2   C3/B3
------------------------------------------------------------------------------------------------
a_max_b_random_00.in                      35.6       35.8       36.7       37.3    0.993   0.984
a_max_b_random_01.in                      42.7       42.8       44.0       43.5    0.997   1.010
a_max_b_random_02.in                      62.1       61.8       63.1       62.9    1.005   1.002
burnikel_ziegler_bound_00.in              52.5       53.3       53.2       54.2    0.984   0.982
burnikel_ziegler_bound_01.in              46.2       47.7       47.7       47.8    0.968   0.997
burnikel_ziegler_bound_02.in              59.1       61.1       60.1       63.5    0.967   0.945
burnikel_ziegler_bound_03.in              46.9       47.9       49.1       49.0    0.979   1.003
example_00.in                             10.1       10.1       10.6       10.6    1.002   1.005
large_00.in                               45.7       45.6       47.8       48.3    1.001   0.989
large_01.in                               50.4       50.9       51.2       51.7    0.990   0.991
length_ratio_integer_00.in                63.6       64.3       64.5       65.2    0.989   0.989
length_ratio_integer_01.in                60.8       61.8       61.4       63.0    0.985   0.974
length_ratio_integer_02.in                70.4       69.6       72.0       72.2    1.012   0.998
length_ratio_integer_03.in                59.8       60.3       62.3       62.2    0.991   1.001
length_ratio_integer_04.in                63.5       66.9       68.2       66.9    0.949   1.020
length_ratio_integer_05.in                69.4       69.9       71.1       73.3    0.993   0.971
max_00.in                                 14.6       14.9       14.8       14.4    0.979   1.026
max_01.in                                 16.6       16.7       16.6       16.6    0.995   0.995
max_02.in                                 16.1       15.7       16.2       15.9    1.028   1.016
medium_00.in                              35.1       81.3       34.8       78.2    0.433   0.444
medium_01.in                              46.4       45.5       46.6       45.7    1.020   1.019
medium_02.in                              48.4       49.7       50.1       50.7    0.975   0.988
r_nearly_zero_00.in                       35.0       78.6       34.3       78.5    0.445   0.437
r_nearly_zero_01.in                       69.4       69.9       69.6       69.9    0.993   0.996
r_nearly_zero_02.in                       44.7       45.0       46.6       46.0    0.993   1.012
small_00.in                               28.6       49.9       28.3       48.1    0.573   0.588

[bench] CSV saved: d:\precious_speed\lc_bench\results\lc_bench_20260730_203417.csv

======================================================================
=== SUMMARY (min ms, CUR/BEST ratio < 1.0 means CUR faster) ===
======================================================================
op         CUR_O2    BEST_O2     CUR_O3    BEST_O3    C2/B2   C3/B3
----------------------------------------------------------------------
add          10.4       10.0       10.4       10.6    1.038   0.983
mul          10.4       10.0       10.9       11.0    1.035   0.992
div          10.1       10.1       10.6       10.6    1.002   1.005
